precision = 0.012104743083003952
recall = 0.009099350046425255
f1 = 0.010389059684087777
