precision = 0.8857142857142857
recall = 0.9117647058823529
f1 = 0.8985507246376812
