precision = 0.8412648716343143
recall = 0.8743898470549951
f1 = 0.8575075793840753
