precision = 0.06852343059239611
recall = 0.057567316620241414
f1 = 0.06256938137047129
