precision = 0.7333333333333333
recall = 0.6470588235294118
f1 = 0.6875
