precision = 0.8140560983296565
recall = 0.8405466970387244
f1 = 0.8270893371757925
