precision = 0.05420792079207921
recall = 0.040668523676880224
f1 = 0.04647214854111406
