precision = 0.8125
recall = 0.7647058823529411
f1 = 0.787878787878788
