precision = 0.8126368470441039
recall = 0.8454279205987634
f1 = 0.828708133971292
