precision = 0.031639501438159155
recall = 0.024512534818941504
f1 = 0.027623731296431933
