precision = 0.9090909090909091
recall = 0.8823529411764706
f1 = 0.8955223880597014
