precision = 0.8419222257350617
recall = 0.8665798893589326
f1 = 0.8540731237973059
